Start training
Episode  100  test: win:  0.4916  draw:  0.0029  loss:  0.5055
Episode  200  test: win:  0.4842  draw:  0.0033  loss:  0.5125
Episode  300  test: win:  0.4933  draw:  0.0067  loss:  0.5
Episode  400  test: win:  0.4919  draw:  0.0053  loss:  0.5028
Episode  500  test: win:  0.4949  draw:  0.0046  loss:  0.5005
Episode  600  test: win:  0.48  draw:  0.005  loss:  0.515
Episode  700  test: win:  0.4947  draw:  0.0064  loss:  0.4989
Episode  800  test: win:  0.4817  draw:  0.0069  loss:  0.5114
Episode  900  test: win:  0.4764  draw:  0.0054  loss:  0.5182
Episode  1000  test: win:  0.4824  draw:  0.0056  loss:  0.512
Episode  1100  test: win:  0.5053  draw:  0.0066  loss:  0.4881
Episode  1200  test: win:  0.5023  draw:  0.0052  loss:  0.4925
Episode  1300  test: win:  0.4981  draw:  0.0038  loss:  0.4981
Episode  1400  test: win:  0.5131  draw:  0.0032  loss:  0.4837
Episode  1500  test: win:  0.5045  draw:  0.0033  loss:  0.4922
Episode  1600  test: win:  0.5043  draw:  0.0027  loss:  0.493
Episode  1700  test: win:  0.5016  draw:  0.0037  loss:  0.4947
Episode  1800  test: win:  0.5108  draw:  0.0037  loss:  0.4855
Episode  1900  test: win:  0.5072  draw:  0.0034  loss:  0.4894
Episode  2000  test: win:  0.5069  draw:  0.005  loss:  0.4881
Episode  2100  test: win:  0.5113  draw:  0.004  loss:  0.4847
Episode  2200  test: win:  0.5085  draw:  0.0042  loss:  0.4873
Episode  2300  test: win:  0.5006  draw:  0.0052  loss:  0.4942
Episode  2400  test: win:  0.5089  draw:  0.0038  loss:  0.4873
Episode  2500  test: win:  0.5129  draw:  0.0036  loss:  0.4835
Episode  2600  test: win:  0.5062  draw:  0.0049  loss:  0.4889
Episode  2700  test: win:  0.5191  draw:  0.0047  loss:  0.4762
Episode  2800  test: win:  0.5146  draw:  0.004  loss:  0.4814
Episode  2900  test: win:  0.5136  draw:  0.0041  loss:  0.4823
Episode  3000  test: win:  0.5144  draw:  0.0034  loss:  0.4822
Episode  3100  test: win:  0.515  draw:  0.0047  loss:  0.4803
Episode  3200  test: win:  0.5092  draw:  0.0033  loss:  0.4875
Episode  3300  test: win:  0.5146  draw:  0.0047  loss:  0.4807
Episode  3400  test: win:  0.5145  draw:  0.0046  loss:  0.4809
Episode  3500  test: win:  0.5075  draw:  0.0038  loss:  0.4887
Episode  3600  test: win:  0.5134  draw:  0.0044  loss:  0.4822
Episode  3700  test: win:  0.506  draw:  0.0046  loss:  0.4894
Episode  3800  test: win:  0.5173  draw:  0.0054  loss:  0.4773
Episode  3900  test: win:  0.5121  draw:  0.0038  loss:  0.4841
Episode  4000  test: win:  0.5323  draw:  0.0028  loss:  0.4649
Episode  4100  test: win:  0.5129  draw:  0.0019  loss:  0.4852
Episode  4200  test: win:  0.513  draw:  0.0033  loss:  0.4837
Episode  4300  test: win:  0.5159  draw:  0.0032  loss:  0.4809
Episode  4400  test: win:  0.5169  draw:  0.0026  loss:  0.4805
Episode  4500  test: win:  0.5152  draw:  0.0031  loss:  0.4817
Episode  4600  test: win:  0.5213  draw:  0.005  loss:  0.4737
Episode  4700  test: win:  0.5122  draw:  0.0036  loss:  0.4842
Episode  4800  test: win:  0.522  draw:  0.0047  loss:  0.4733
Episode  4900  test: win:  0.5185  draw:  0.0049  loss:  0.4766
Episode  5000  test: win:  0.5118  draw:  0.0038  loss:  0.4844
Episode  5100  test: win:  0.5126  draw:  0.0048  loss:  0.4826
Episode  5200  test: win:  0.518  draw:  0.0039  loss:  0.4781
Episode  5300  test: win:  0.5175  draw:  0.0049  loss:  0.4776
Episode  5400  test: win:  0.5171  draw:  0.0047  loss:  0.4782
Episode  5500  test: win:  0.5161  draw:  0.004  loss:  0.4799
Episode  5600  test: win:  0.5099  draw:  0.0039  loss:  0.4862
Episode  5700  test: win:  0.5219  draw:  0.004  loss:  0.4741
Episode  5800  test: win:  0.5256  draw:  0.0041  loss:  0.4703
Episode  5900  test: win:  0.5149  draw:  0.0042  loss:  0.4809
Episode  6000  test: win:  0.5198  draw:  0.0037  loss:  0.4765
Episode  6100  test: win:  0.5209  draw:  0.0037  loss:  0.4754
Episode  6200  test: win:  0.5207  draw:  0.0034  loss:  0.4759
Episode  6300  test: win:  0.5166  draw:  0.0034  loss:  0.48
Episode  6400  test: win:  0.5146  draw:  0.0042  loss:  0.4812
Episode  6500  test: win:  0.5222  draw:  0.0039  loss:  0.4739
Episode  6600  test: win:  0.5209  draw:  0.0051  loss:  0.474
Episode  6700  test: win:  0.5181  draw:  0.004  loss:  0.4779
Episode  6800  test: win:  0.5255  draw:  0.003  loss:  0.4715
Episode  6900  test: win:  0.5229  draw:  0.003  loss:  0.4741
Episode  7000  test: win:  0.5166  draw:  0.0037  loss:  0.4797
Episode  7100  test: win:  0.5222  draw:  0.0042  loss:  0.4736
Episode  7200  test: win:  0.5176  draw:  0.0037  loss:  0.4787
Episode  7300  test: win:  0.5126  draw:  0.0041  loss:  0.4833
Episode  7400  test: win:  0.5201  draw:  0.0031  loss:  0.4768
Episode  7500  test: win:  0.5186  draw:  0.0038  loss:  0.4776
Episode  7600  test: win:  0.5183  draw:  0.0045  loss:  0.4772
Episode  7700  test: win:  0.523  draw:  0.0047  loss:  0.4723
Episode  7800  test: win:  0.5253  draw:  0.0039  loss:  0.4708
Episode  7900  test: win:  0.5191  draw:  0.0033  loss:  0.4776
Episode  8000  test: win:  0.5198  draw:  0.0032  loss:  0.477
Episode  8100  test: win:  0.524  draw:  0.0044  loss:  0.4716
Episode  8200  test: win:  0.5237  draw:  0.0038  loss:  0.4725
Episode  8300  test: win:  0.5206  draw:  0.0029  loss:  0.4765
Episode  8400  test: win:  0.5188  draw:  0.0024  loss:  0.4788
Episode  8500  test: win:  0.5277  draw:  0.0027  loss:  0.4696
Episode  8600  test: win:  0.5291  draw:  0.004  loss:  0.4669
Episode  8700  test: win:  0.512  draw:  0.0045  loss:  0.4835
Episode  8800  test: win:  0.5101  draw:  0.0031  loss:  0.4868
Episode  8900  test: win:  0.5194  draw:  0.0036  loss:  0.477
Episode  9000  test: win:  0.5177  draw:  0.0034  loss:  0.4789
Episode  9100  test: win:  0.5144  draw:  0.0037  loss:  0.4819
Episode  9200  test: win:  0.5134  draw:  0.0041  loss:  0.4825
Episode  9300  test: win:  0.5248  draw:  0.0029  loss:  0.4723
Episode  9400  test: win:  0.5169  draw:  0.0033  loss:  0.4798
Episode  9500  test: win:  0.5202  draw:  0.0027  loss:  0.4771
Episode  9600  test: win:  0.5286  draw:  0.0035  loss:  0.4679
Episode  9700  test: win:  0.5275  draw:  0.0033  loss:  0.4692
Episode  9800  test: win:  0.5125  draw:  0.004  loss:  0.4835
Episode  9900  test: win:  0.5145  draw:  0.0023  loss:  0.4832
Episode  10000  test: win:  0.5217  draw:  0.0024  loss:  0.4759
Episode  20000  test: win:  0.5214  draw:  0.0023  loss:  0.4763
Episode  30000  test: win:  0.5207  draw:  0.0029  loss:  0.4764
Episode  40000  test: win:  0.5147  draw:  0.0011  loss:  0.4842
Episode  50000  test: win:  0.5258  draw:  0.0013  loss:  0.4729
Episode  60000  test: win:  0.5269  draw:  0.0014  loss:  0.4717
Episode  70000  test: win:  0.5226  draw:  0.001  loss:  0.4764
Episode  80000  test: win:  0.5212  draw:  0.0014  loss:  0.4774
Episode  90000  test: win:  0.5261  draw:  0.0016  loss:  0.4723
Episode  100000  test: win:  0.5277  draw:  0.002  loss:  0.4703
Episode  110000  test: win:  0.524  draw:  0.0023  loss:  0.4737
Episode  120000  test: win:  0.5235  draw:  0.0013  loss:  0.4752
Episode  130000  test: win:  0.5221  draw:  0.002  loss:  0.4759
Episode  140000  test: win:  0.523  draw:  0.002  loss:  0.475
Episode  150000  test: win:  0.5182  draw:  0.0012  loss:  0.4806
Episode  160000  test: win:  0.5283  draw:  0.0023  loss:  0.4694
Episode  170000  test: win:  0.5198  draw:  0.0017  loss:  0.4785
Episode  180000  test: win:  0.5233  draw:  0.0015  loss:  0.4752
Episode  190000  test: win:  0.5277  draw:  0.0016  loss:  0.4707
Episode  200000  test: win:  0.5355  draw:  0.0018  loss:  0.4627
Episode  210000  test: win:  0.5229  draw:  0.0024  loss:  0.4747
Episode  220000  test: win:  0.5256  draw:  0.0012  loss:  0.4732
Episode  230000  test: win:  0.5289  draw:  0.0016  loss:  0.4695
Episode  240000  test: win:  0.5306  draw:  0.0021  loss:  0.4673
Episode  250000  test: win:  0.5193  draw:  0.0026  loss:  0.4781
Episode  260000  test: win:  0.5228  draw:  0.0018  loss:  0.4754
Episode  270000  test: win:  0.5185  draw:  0.0029  loss:  0.4786
Episode  280000  test: win:  0.5237  draw:  0.0015  loss:  0.4748
Episode  290000  test: win:  0.5334  draw:  0.0023  loss:  0.4643
Episode  300000  test: win:  0.531  draw:  0.0023  loss:  0.4667
Episode  310000  test: win:  0.5339  draw:  0.0017  loss:  0.4644
Episode  320000  test: win:  0.5152  draw:  0.002  loss:  0.4828
Episode  330000  test: win:  0.5103  draw:  0.0016  loss:  0.4881
Episode  340000  test: win:  0.5203  draw:  0.0028  loss:  0.4769
Episode  350000  test: win:  0.5182  draw:  0.0024  loss:  0.4794
Episode  360000  test: win:  0.5251  draw:  0.002  loss:  0.4729
Episode  370000  test: win:  0.5173  draw:  0.0031  loss:  0.4796
Episode  380000  test: win:  0.5287  draw:  0.0017  loss:  0.4696
Episode  390000  test: win:  0.5219  draw:  0.0014  loss:  0.4767
Episode  400000  test: win:  0.5308  draw:  0.0032  loss:  0.466
Episode  410000  test: win:  0.5301  draw:  0.0024  loss:  0.4675
Episode  420000  test: win:  0.5189  draw:  0.0022  loss:  0.4789
Episode  430000  test: win:  0.5244  draw:  0.0022  loss:  0.4734
Episode  440000  test: win:  0.5248  draw:  0.0025  loss:  0.4727
Episode  450000  test: win:  0.5174  draw:  0.0016  loss:  0.481
Episode  460000  test: win:  0.5208  draw:  0.0017  loss:  0.4775
Episode  470000  test: win:  0.5217  draw:  0.0018  loss:  0.4765
Episode  480000  test: win:  0.5211  draw:  0.0029  loss:  0.476
Episode  490000  test: win:  0.5158  draw:  0.0021  loss:  0.4821
Episode  500000  test: win:  0.5276  draw:  0.0014  loss:  0.471
Episode  510000  test: win:  0.5301  draw:  0.0016  loss:  0.4683
Episode  520000  test: win:  0.5199  draw:  0.0023  loss:  0.4778
Episode  530000  test: win:  0.5135  draw:  0.002  loss:  0.4845
Episode  540000  test: win:  0.5237  draw:  0.0022  loss:  0.4741
Episode  550000  test: win:  0.5237  draw:  0.0022  loss:  0.4741
Episode  560000  test: win:  0.528  draw:  0.0021  loss:  0.4699
Episode  570000  test: win:  0.5185  draw:  0.0023  loss:  0.4792
Episode  580000  test: win:  0.5245  draw:  0.0023  loss:  0.4732
Episode  590000  test: win:  0.5241  draw:  0.0023  loss:  0.4736
Episode  600000  test: win:  0.5202  draw:  0.0014  loss:  0.4784
Episode  610000  test: win:  0.5219  draw:  0.002  loss:  0.4761
Episode  620000  test: win:  0.5222  draw:  0.0022  loss:  0.4756
Episode  630000  test: win:  0.5353  draw:  0.0017  loss:  0.463
Episode  640000  test: win:  0.5269  draw:  0.0021  loss:  0.471
Episode  650000  test: win:  0.5244  draw:  0.0023  loss:  0.4733
Episode  660000  test: win:  0.5231  draw:  0.0025  loss:  0.4744
Episode  670000  test: win:  0.5267  draw:  0.0024  loss:  0.4709
Episode  680000  test: win:  0.5269  draw:  0.0017  loss:  0.4714
Episode  690000  test: win:  0.5265  draw:  0.0015  loss:  0.472
Episode  700000  test: win:  0.5231  draw:  0.0026  loss:  0.4743
Episode  710000  test: win:  0.5166  draw:  0.0022  loss:  0.4812
Episode  720000  test: win:  0.5288  draw:  0.0021  loss:  0.4691
Episode  730000  test: win:  0.5296  draw:  0.0024  loss:  0.468
Episode  740000  test: win:  0.5191  draw:  0.0021  loss:  0.4788
Episode  750000  test: win:  0.5186  draw:  0.0018  loss:  0.4796
Episode  760000  test: win:  0.5213  draw:  0.0023  loss:  0.4764
Episode  770000  test: win:  0.5284  draw:  0.0018  loss:  0.4698
Episode  780000  test: win:  0.5227  draw:  0.0022  loss:  0.4751
Episode  790000  test: win:  0.5218  draw:  0.0022  loss:  0.476
Episode  800000  test: win:  0.5188  draw:  0.002  loss:  0.4792
Episode  810000  test: win:  0.5209  draw:  0.0018  loss:  0.4773
Episode  820000  test: win:  0.5177  draw:  0.0019  loss:  0.4804
Episode  830000  test: win:  0.5219  draw:  0.0018  loss:  0.4763
Episode  840000  test: win:  0.528  draw:  0.0014  loss:  0.4706
Episode  850000  test: win:  0.5238  draw:  0.0017  loss:  0.4745
Episode  860000  test: win:  0.5216  draw:  0.0018  loss:  0.4766
Episode  870000  test: win:  0.5329  draw:  0.0012  loss:  0.4659
Episode  880000  test: win:  0.5177  draw:  0.0027  loss:  0.4796
Episode  890000  test: win:  0.5194  draw:  0.0024  loss:  0.4782
Episode  900000  test: win:  0.528  draw:  0.0021  loss:  0.4699
Episode  910000  test: win:  0.5215  draw:  0.0021  loss:  0.4764
Episode  920000  test: win:  0.5303  draw:  0.0019  loss:  0.4678
Episode  930000  test: win:  0.5253  draw:  0.0023  loss:  0.4724
Episode  940000  test: win:  0.5317  draw:  0.0024  loss:  0.4659
Episode  950000  test: win:  0.5213  draw:  0.0022  loss:  0.4765
Episode  960000  test: win:  0.5253  draw:  0.0023  loss:  0.4724
Episode  970000  test: win:  0.5271  draw:  0.002  loss:  0.4709
Episode  980000  test: win:  0.5236  draw:  0.0017  loss:  0.4747
Episode  990000  test: win:  0.5214  draw:  0.0016  loss:  0.477
Episode  1000000  test: win:  0.5213  draw:  0.002  loss:  0.4767
Episode  1010000  test: win:  0.5255  draw:  0.0027  loss:  0.4718
Episode  1020000  test: win:  0.5314  draw:  0.002  loss:  0.4666
Episode  1030000  test: win:  0.5248  draw:  0.0027  loss:  0.4725
Episode  1040000  test: win:  0.5151  draw:  0.0025  loss:  0.4824
Episode  1050000  test: win:  0.5289  draw:  0.0027  loss:  0.4684
Episode  1060000  test: win:  0.5271  draw:  0.0021  loss:  0.4708
Episode  1070000  test: win:  0.5281  draw:  0.0019  loss:  0.47
Episode  1080000  test: win:  0.5263  draw:  0.0015  loss:  0.4722
Episode  1090000  test: win:  0.5324  draw:  0.0016  loss:  0.466
Episode  1100000  test: win:  0.5286  draw:  0.0025  loss:  0.4689
Episode  1110000  test: win:  0.523  draw:  0.0018  loss:  0.4752
Episode  1120000  test: win:  0.527  draw:  0.002  loss:  0.471
Episode  1130000  test: win:  0.5283  draw:  0.0032  loss:  0.4685
Episode  1140000  test: win:  0.5246  draw:  0.0024  loss:  0.473
Episode  1150000  test: win:  0.5194  draw:  0.0015  loss:  0.4791
Episode  1160000  test: win:  0.5206  draw:  0.0021  loss:  0.4773
Episode  1170000  test: win:  0.5241  draw:  0.0017  loss:  0.4742
Episode  1180000  test: win:  0.5217  draw:  0.0025  loss:  0.4758
Episode  1190000  test: win:  0.5229  draw:  0.0014  loss:  0.4757
Episode  1200000  test: win:  0.5229  draw:  0.0022  loss:  0.4749
Episode  1210000  test: win:  0.5212  draw:  0.0014  loss:  0.4774
Episode  1220000  test: win:  0.5183  draw:  0.0016  loss:  0.4801
Episode  1230000  test: win:  0.5115  draw:  0.002  loss:  0.4865
Episode  1240000  test: win:  0.5214  draw:  0.0021  loss:  0.4765
Episode  1250000  test: win:  0.5142  draw:  0.0027  loss:  0.4831
Episode  1260000  test: win:  0.5208  draw:  0.0024  loss:  0.4768
Episode  1270000  test: win:  0.528  draw:  0.0018  loss:  0.4702
Episode  1280000  test: win:  0.5231  draw:  0.0023  loss:  0.4746
Episode  1290000  test: win:  0.5252  draw:  0.0021  loss:  0.4727
Episode  1300000  test: win:  0.5287  draw:  0.0021  loss:  0.4692
Episode  1310000  test: win:  0.5251  draw:  0.0025  loss:  0.4724
Episode  1320000  test: win:  0.519  draw:  0.0021  loss:  0.4789
Episode  1330000  test: win:  0.5237  draw:  0.0026  loss:  0.4737
Episode  1340000  test: win:  0.5177  draw:  0.0016  loss:  0.4807
Episode  1350000  test: win:  0.5271  draw:  0.0025  loss:  0.4704
Episode  1360000  test: win:  0.5202  draw:  0.0029  loss:  0.4769
Episode  1370000  test: win:  0.5193  draw:  0.002  loss:  0.4787
Episode  1380000  test: win:  0.5083  draw:  0.0021  loss:  0.4896
Episode  1390000  test: win:  0.5202  draw:  0.0024  loss:  0.4774
Episode  1400000  test: win:  0.5194  draw:  0.0027  loss:  0.4779
Episode  1410000  test: win:  0.5283  draw:  0.0042  loss:  0.4675
Episode  1420000  test: win:  0.5138  draw:  0.002  loss:  0.4842
Episode  1430000  test: win:  0.5283  draw:  0.0032  loss:  0.4685
Episode  1440000  test: win:  0.5293  draw:  0.0026  loss:  0.4681
Episode  1450000  test: win:  0.524  draw:  0.0025  loss:  0.4735
Episode  1460000  test: win:  0.5305  draw:  0.0021  loss:  0.4674
Episode  1470000  test: win:  0.5258  draw:  0.0039  loss:  0.4703
Episode  1480000  test: win:  0.525  draw:  0.0031  loss:  0.4719
Episode  1490000  test: win:  0.5313  draw:  0.0038  loss:  0.4649
Episode  1500000  test: win:  0.5245  draw:  0.0026  loss:  0.4729
Episode  1510000  test: win:  0.5229  draw:  0.0026  loss:  0.4745
Episode  1520000  test: win:  0.5299  draw:  0.0024  loss:  0.4677
Episode  1530000  test: win:  0.5267  draw:  0.003  loss:  0.4703
Episode  1540000  test: win:  0.5217  draw:  0.003  loss:  0.4753
Episode  1550000  test: win:  0.5246  draw:  0.0027  loss:  0.4727
Episode  1560000  test: win:  0.5212  draw:  0.003  loss:  0.4758
Episode  1570000  test: win:  0.5156  draw:  0.0023  loss:  0.4821
Episode  1580000  test: win:  0.5236  draw:  0.0031  loss:  0.4733
Episode  1590000  test: win:  0.5236  draw:  0.0028  loss:  0.4736
Episode  1600000  test: win:  0.5181  draw:  0.0016  loss:  0.4803
Episode  1610000  test: win:  0.5256  draw:  0.0029  loss:  0.4715
Episode  1620000  test: win:  0.5147  draw:  0.0039  loss:  0.4814
Episode  1630000  test: win:  0.5274  draw:  0.0028  loss:  0.4698
Episode  1640000  test: win:  0.5173  draw:  0.0021  loss:  0.4806
Episode  1650000  test: win:  0.515  draw:  0.0033  loss:  0.4817
Episode  1660000  test: win:  0.5232  draw:  0.0021  loss:  0.4747
Episode  1670000  test: win:  0.5293  draw:  0.0023  loss:  0.4684
Episode  1680000  test: win:  0.519  draw:  0.0029  loss:  0.4781
Episode  1690000  test: win:  0.5246  draw:  0.0026  loss:  0.4728
Episode  1700000  test: win:  0.5299  draw:  0.003  loss:  0.4671
Episode  1710000  test: win:  0.5296  draw:  0.0022  loss:  0.4682
Episode  1720000  test: win:  0.5216  draw:  0.002  loss:  0.4764
Episode  1730000  test: win:  0.52  draw:  0.0021  loss:  0.4779
Episode  1740000  test: win:  0.5222  draw:  0.0022  loss:  0.4756
Episode  1750000  test: win:  0.5352  draw:  0.0025  loss:  0.4623
Episode  1760000  test: win:  0.5215  draw:  0.0022  loss:  0.4763
Episode  1770000  test: win:  0.5157  draw:  0.0026  loss:  0.4817
Episode  1780000  test: win:  0.5252  draw:  0.0019  loss:  0.4729
Episode  1790000  test: win:  0.5225  draw:  0.0032  loss:  0.4743
Episode  1800000  test: win:  0.5226  draw:  0.0026  loss:  0.4748
Episode  1810000  test: win:  0.5304  draw:  0.0024  loss:  0.4672
Episode  1820000  test: win:  0.5281  draw:  0.0022  loss:  0.4697
Episode  1830000  test: win:  0.5302  draw:  0.0031  loss:  0.4667
Episode  1840000  test: win:  0.5306  draw:  0.0033  loss:  0.4661
Episode  1850000  test: win:  0.5248  draw:  0.0035  loss:  0.4717
Episode  1860000  test: win:  0.5287  draw:  0.0034  loss:  0.4679
Episode  1870000  test: win:  0.5215  draw:  0.003  loss:  0.4755
Episode  1880000  test: win:  0.5303  draw:  0.002  loss:  0.4677
Episode  1890000  test: win:  0.5095  draw:  0.0019  loss:  0.4886
Episode  1900000  test: win:  0.5172  draw:  0.0019  loss:  0.4809
Episode  1910000  test: win:  0.5273  draw:  0.0025  loss:  0.4702
Episode  1920000  test: win:  0.5246  draw:  0.0021  loss:  0.4733
Episode  1930000  test: win:  0.5293  draw:  0.0025  loss:  0.4682
Episode  1940000  test: win:  0.5136  draw:  0.0023  loss:  0.4841
Episode  1950000  test: win:  0.5225  draw:  0.0021  loss:  0.4754
Episode  1960000  test: win:  0.5235  draw:  0.0025  loss:  0.474
Episode  1970000  test: win:  0.5283  draw:  0.0026  loss:  0.4691
Episode  1980000  test: win:  0.5222  draw:  0.002  loss:  0.4758
Episode  1990000  test: win:  0.5186  draw:  0.0026  loss:  0.4788
Episode  2000000  test: win:  0.5239  draw:  0.0028  loss:  0.4733
Episode  2010000  test: win:  0.527  draw:  0.0022  loss:  0.4708
Episode  2020000  test: win:  0.526  draw:  0.0023  loss:  0.4717
Episode  2030000  test: win:  0.5185  draw:  0.0029  loss:  0.4786
Episode  2040000  test: win:  0.5211  draw:  0.002  loss:  0.4769
Episode  2050000  test: win:  0.5337  draw:  0.0026  loss:  0.4637
Episode  2060000  test: win:  0.52  draw:  0.0027  loss:  0.4773
Episode  2070000  test: win:  0.5173  draw:  0.0029  loss:  0.4798
Episode  2080000  test: win:  0.5219  draw:  0.0024  loss:  0.4757
Episode  2090000  test: win:  0.5196  draw:  0.0016  loss:  0.4788
Episode  2100000  test: win:  0.5237  draw:  0.0028  loss:  0.4735
Episode  2110000  test: win:  0.523  draw:  0.0026  loss:  0.4744
Episode  2120000  test: win:  0.5252  draw:  0.0029  loss:  0.4719
Episode  2130000  test: win:  0.5295  draw:  0.0027  loss:  0.4678
Episode  2140000  test: win:  0.5277  draw:  0.0023  loss:  0.47
Episode  2150000  test: win:  0.5221  draw:  0.0027  loss:  0.4752
Episode  2160000  test: win:  0.5213  draw:  0.003  loss:  0.4757
Episode  2170000  test: win:  0.525  draw:  0.002  loss:  0.473
Episode  2180000  test: win:  0.5237  draw:  0.0026  loss:  0.4737
Episode  2190000  test: win:  0.5278  draw:  0.0022  loss:  0.47
Episode  2200000  test: win:  0.5157  draw:  0.0029  loss:  0.4814
Episode  2210000  test: win:  0.5299  draw:  0.0024  loss:  0.4677
Episode  2220000  test: win:  0.5248  draw:  0.0038  loss:  0.4714
Episode  2230000  test: win:  0.5269  draw:  0.0031  loss:  0.47
Episode  2240000  test: win:  0.5241  draw:  0.0031  loss:  0.4728
Episode  2250000  test: win:  0.5252  draw:  0.0028  loss:  0.472
Episode  2260000  test: win:  0.5148  draw:  0.0031  loss:  0.4821
Episode  2270000  test: win:  0.5297  draw:  0.0028  loss:  0.4675
Episode  2280000  test: win:  0.5223  draw:  0.0028  loss:  0.4749
Episode  2290000  test: win:  0.5221  draw:  0.0034  loss:  0.4745
Episode  2300000  test: win:  0.5251  draw:  0.0024  loss:  0.4725
Episode  2310000  test: win:  0.5286  draw:  0.0027  loss:  0.4687
Episode  2320000  test: win:  0.5268  draw:  0.003  loss:  0.4702
Episode  2330000  test: win:  0.5264  draw:  0.003  loss:  0.4706
Episode  2340000  test: win:  0.5221  draw:  0.0023  loss:  0.4756
Episode  2350000  test: win:  0.5314  draw:  0.0033  loss:  0.4653
Episode  2360000  test: win:  0.5256  draw:  0.0022  loss:  0.4722
Episode  2370000  test: win:  0.5359  draw:  0.0038  loss:  0.4603
Episode  2380000  test: win:  0.5293  draw:  0.0028  loss:  0.4679
Episode  2390000  test: win:  0.5225  draw:  0.003  loss:  0.4745
Episode  2400000  test: win:  0.5262  draw:  0.0033  loss:  0.4705
Episode  2410000  test: win:  0.5177  draw:  0.003  loss:  0.4793
Episode  2420000  test: win:  0.528  draw:  0.0039  loss:  0.4681
Episode  2430000  test: win:  0.5266  draw:  0.0023  loss:  0.4711
Episode  2440000  test: win:  0.5267  draw:  0.0034  loss:  0.4699
Episode  2450000  test: win:  0.5201  draw:  0.003  loss:  0.4769
Episode  2460000  test: win:  0.5284  draw:  0.0041  loss:  0.4675
Episode  2470000  test: win:  0.5223  draw:  0.0038  loss:  0.4739
Episode  2480000  test: win:  0.5287  draw:  0.0025  loss:  0.4688
Episode  2490000  test: win:  0.527  draw:  0.0021  loss:  0.4709
Episode  2500000  test: win:  0.5188  draw:  0.0029  loss:  0.4783
Episode  2510000  test: win:  0.5195  draw:  0.0031  loss:  0.4774
Episode  2520000  test: win:  0.5229  draw:  0.0021  loss:  0.475
Episode  2530000  test: win:  0.517  draw:  0.0029  loss:  0.4801
Episode  2540000  test: win:  0.5252  draw:  0.0024  loss:  0.4724
Episode  2550000  test: win:  0.5225  draw:  0.0026  loss:  0.4749
Episode  2560000  test: win:  0.5286  draw:  0.003  loss:  0.4684
Episode  2570000  test: win:  0.5232  draw:  0.0038  loss:  0.473
Episode  2580000  test: win:  0.5314  draw:  0.0032  loss:  0.4654
Episode  2590000  test: win:  0.5211  draw:  0.0025  loss:  0.4764
Episode  2600000  test: win:  0.5213  draw:  0.0036  loss:  0.4751
Episode  2610000  test: win:  0.5234  draw:  0.0028  loss:  0.4738
Episode  2620000  test: win:  0.5274  draw:  0.0028  loss:  0.4698
Episode  2630000  test: win:  0.5316  draw:  0.0037  loss:  0.4647
Episode  2640000  test: win:  0.524  draw:  0.0023  loss:  0.4737
Episode  2650000  test: win:  0.5226  draw:  0.0022  loss:  0.4752
Episode  2660000  test: win:  0.5125  draw:  0.0032  loss:  0.4843
Episode  2670000  test: win:  0.5211  draw:  0.0039  loss:  0.475
Episode  2680000  test: win:  0.529  draw:  0.0028  loss:  0.4682
Episode  2690000  test: win:  0.5298  draw:  0.0039  loss:  0.4663
Episode  2700000  test: win:  0.5245  draw:  0.0028  loss:  0.4727
Episode  2710000  test: win:  0.5271  draw:  0.0031  loss:  0.4698
Episode  2720000  test: win:  0.5227  draw:  0.0027  loss:  0.4746
Episode  2730000  test: win:  0.5213  draw:  0.0027  loss:  0.476
Episode  2740000  test: win:  0.5246  draw:  0.0036  loss:  0.4718
Episode  2750000  test: win:  0.5197  draw:  0.0032  loss:  0.4771
Episode  2760000  test: win:  0.5186  draw:  0.0029  loss:  0.4785
Episode  2770000  test: win:  0.526  draw:  0.0033  loss:  0.4707
Episode  2780000  test: win:  0.5225  draw:  0.0034  loss:  0.4741
Episode  2790000  test: win:  0.5296  draw:  0.0031  loss:  0.4673
Episode  2800000  test: win:  0.5192  draw:  0.0045  loss:  0.4763
Episode  2810000  test: win:  0.5159  draw:  0.003  loss:  0.4811
Episode  2820000  test: win:  0.5276  draw:  0.0021  loss:  0.4703
Episode  2830000  test: win:  0.527  draw:  0.0028  loss:  0.4702
Episode  2840000  test: win:  0.5264  draw:  0.0034  loss:  0.4702
Episode  2850000  test: win:  0.5291  draw:  0.0024  loss:  0.4685
Episode  2860000  test: win:  0.5161  draw:  0.0029  loss:  0.481
Episode  2870000  test: win:  0.5239  draw:  0.0023  loss:  0.4738
Episode  2880000  test: win:  0.52  draw:  0.0029  loss:  0.4771
Episode  2890000  test: win:  0.5295  draw:  0.0028  loss:  0.4677
Episode  2900000  test: win:  0.5356  draw:  0.0032  loss:  0.4612
Episode  2910000  test: win:  0.5225  draw:  0.0031  loss:  0.4744
Episode  2920000  test: win:  0.5222  draw:  0.0021  loss:  0.4757
Episode  2930000  test: win:  0.5328  draw:  0.0031  loss:  0.4641
Episode  2940000  test: win:  0.5249  draw:  0.0025  loss:  0.4726
Episode  2950000  test: win:  0.5202  draw:  0.0034  loss:  0.4764
Episode  2960000  test: win:  0.5231  draw:  0.0035  loss:  0.4734
Episode  2970000  test: win:  0.5258  draw:  0.0031  loss:  0.4711
Episode  2980000  test: win:  0.5185  draw:  0.003  loss:  0.4785
Episode  2990000  test: win:  0.5245  draw:  0.0031  loss:  0.4724
Episode  3000000  test: win:  0.5252  draw:  0.0027  loss:  0.4721
Training is over
 win:  0.5246612  draw:  0.0029858  loss:  0.472353
